0 0.584766 0.527576 0.048906 0.045514
0 0.482320 0.437389 0.033953 0.033806
0 0.613719 0.475556 0.036594 0.034639
0 0.577113 0.478375 0.052039 0.051056
0 0.850078 0.562396 0.061766 0.079153
0 0.183789 0.388667 0.019609 0.023472
0 0.718422 0.604090 0.064609 0.080347
0 0.528711 0.726479 0.068359 0.103097
0 0.780449 0.424215 0.039648 0.048181
0 0.211785 0.399368 0.028070 0.033347
0 0.386320 0.626479 0.060344 0.094069
0 0.482926 0.471910 0.041492 0.029542
0 0.306184 0.413299 0.020102 0.019597
0 0.249223 0.397757 0.026258 0.026681
0 0.405109 0.435375 0.034703 0.029583
0 0.257973 0.551229 0.038820 0.056292
0 0.346305 0.488535 0.045047 0.060319
0 0.266672 0.483451 0.042328 0.060319
0 0.374016 0.441729 0.035250 0.034319
0 0.776070 0.561993 0.080359 0.095264
0 0.274336 0.603938 0.041641 0.075181
0 0.456922 0.589764 0.055906 0.075472
