0 0.623305 0.679708 0.078016 0.101861
0 0.736105 0.518403 0.052773 0.050639
0 0.842543 0.615944 0.072773 0.069472
0 0.438078 0.582187 0.048578 0.062819
0 0.544961 0.584722 0.059141 0.081944
0 0.461027 0.521042 0.052789 0.055694
0 0.329203 0.539083 0.044250 0.063722
0 0.292566 0.503799 0.040148 0.049764
0 0.990824 0.642319 0.018023 0.057972
0 0.552844 0.472118 0.052297 0.055625
0 0.262273 0.898542 0.121719 0.191667
0 0.778332 0.642958 0.087617 0.117111
0 0.616543 0.497646 0.051570 0.059653
0 0.285625 0.625569 0.053938 0.103528
0 0.700043 0.537701 0.057023 0.058625
0 0.476270 0.632667 0.059898 0.081889
0 0.268820 0.432729 0.032047 0.026847
0 0.236738 0.441597 0.035430 0.031806
0 0.324750 0.446458 0.041750 0.049861
0 0.274105 0.462979 0.036008 0.037931
0 0.385633 0.484097 0.039203 0.041528
0 0.230168 0.469028 0.033102 0.037500
0 0.378266 0.514444 0.044250 0.061111
