0 0.255676 0.405403 0.023961 0.030833
0 0.568656 0.447799 0.041281 0.037986
0 0.558453 0.495785 0.040359 0.037986
0 0.343035 0.411285 0.026273 0.021458
0 0.335730 0.428194 0.023961 0.030833
0 0.432656 0.898611 0.101562 0.195556
0 0.344844 0.498681 0.046719 0.047917
0 0.297148 0.464944 0.046719 0.047917
0 0.633738 0.563750 0.049867 0.054167
0 0.382117 0.627778 0.050766 0.077222
0 0.597676 0.643264 0.071930 0.080972
0 0.830715 0.612056 0.071617 0.062139
0 0.985582 0.636264 0.028383 0.087583
0 0.307414 0.529340 0.047016 0.072653
0 0.239656 0.521167 0.040266 0.063167
0 0.668086 0.521965 0.043828 0.044931
0 0.423809 0.421687 0.037070 0.034153
0 0.507133 0.464465 0.040359 0.037986
0 0.874926 0.697778 0.079148 0.081972
0 0.273965 0.839493 0.085648 0.135764
0 0.853082 0.942514 0.107055 0.108250
0 0.187957 0.395833 0.023961 0.024167
0 0.232184 0.399208 0.023961 0.030833
