0 0.400762 0.680694 0.060508 0.116111
0 0.495762 0.629097 0.061930 0.101806
0 0.332246 0.485139 0.040508 0.043056
0 0.375168 0.518667 0.044508 0.052611
0 0.379445 0.476951 0.040953 0.040847
0 0.418594 0.432431 0.039688 0.038750
0 0.597602 0.826569 0.094047 0.139778
0 0.766156 0.642278 0.077375 0.085111
0 0.920125 0.651618 0.100234 0.102764
0 0.703902 0.503556 0.056852 0.056694
0 0.628617 0.510549 0.052250 0.047597
0 0.467348 0.438743 0.040352 0.050375
0 0.308668 0.521285 0.039961 0.057486
0 0.544996 0.502125 0.044727 0.050056
0 0.657918 0.699174 0.088586 0.113542
0 0.443539 0.502944 0.049437 0.066778
0 0.824797 0.925014 0.050750 0.122083
0 0.534062 0.582535 0.057969 0.072708
0 0.346328 0.421736 0.032031 0.029028
0 0.648777 0.568222 0.055523 0.048667
0 0.253746 0.492889 0.037570 0.047083
0 0.542324 0.454375 0.048633 0.040139
0 0.250020 0.448958 0.035742 0.032361
0 0.296504 0.418819 0.031680 0.027917
0 0.263164 0.415972 0.021172 0.026111
0 0.369934 0.591208 0.047789 0.069639
