0 0.352617 0.471944 0.047266 0.066667
0 0.722699 0.548438 0.064523 0.070153
0 0.595125 0.528715 0.048922 0.060597
0 0.839027 0.618604 0.091758 0.080875
0 0.499820 0.556868 0.065250 0.073042
0 0.491508 0.462472 0.038531 0.040222
0 0.447813 0.457743 0.046500 0.048264
0 0.440617 0.581764 0.052109 0.067083
0 0.249609 0.517271 0.044844 0.075458
0 0.340637 0.544931 0.040445 0.063750
0 0.626020 0.499549 0.052102 0.053181
0 0.515875 0.437847 0.049187 0.047917
0 0.834387 0.560424 0.081883 0.064625
0 0.254203 0.459139 0.033875 0.036611
0 0.243586 0.434028 0.039078 0.031389
0 0.287562 0.405278 0.025000 0.029583
0 0.326000 0.417250 0.028094 0.029778
0 0.363348 0.434028 0.037648 0.034583
0 0.382719 0.424097 0.020547 0.027083
0 0.532344 0.679299 0.070000 0.114458
0 0.431520 0.420431 0.034164 0.031361
