0 0.250930 0.552215 0.039547 0.047208
0 0.544289 0.733528 0.073797 0.110306
0 0.748547 0.577972 0.070609 0.064361
0 0.328020 0.541375 0.038570 0.062972
0 0.300379 0.596611 0.041430 0.075111
0 0.293238 0.777500 0.072430 0.145000
0 0.292254 0.506646 0.039008 0.062097
0 0.737738 0.492535 0.051555 0.051847
0 0.196934 0.390528 0.022695 0.024667
0 0.211453 0.401250 0.025375 0.025833
0 0.259773 0.407306 0.031406 0.027639
0 0.400703 0.415417 0.037672 0.031944
0 0.372289 0.478028 0.037672 0.038889
0 0.431762 0.507840 0.048977 0.060486
0 0.734016 0.800937 0.113531 0.179097
0 0.289422 0.440000 0.039281 0.036667
0 0.261164 0.455486 0.032984 0.034028
0 0.261367 0.485903 0.036016 0.040139
0 0.431504 0.572035 0.034164 0.068236
0 0.322051 0.417250 0.041477 0.034167
0 0.332012 0.487292 0.038945 0.044583
0 0.913605 0.577306 0.082945 0.086500
0 0.508844 0.566375 0.054641 0.063167
0 0.897281 0.460250 0.070922 0.064389
