0 0.659371 0.514181 0.059820 0.047861
0 0.502387 0.554028 0.049195 0.056472
0 0.620637 0.550562 0.052273 0.055542
0 0.866848 0.720812 0.096039 0.097514
0 0.733953 0.626250 0.070094 0.063889
0 0.426078 0.504375 0.047469 0.051250
0 0.560852 0.510090 0.048672 0.048569
0 0.347148 0.429792 0.032891 0.030972
0 0.240469 0.468444 0.038906 0.053944
0 0.745027 0.559569 0.055695 0.054778
0 0.364172 0.420590 0.015563 0.022847
0 0.437344 0.438201 0.034219 0.032486
0 0.221516 0.424375 0.032125 0.030972
0 0.216242 0.399861 0.034078 0.025278
0 0.779273 0.545604 0.044672 0.039958
0 0.366969 0.509014 0.045750 0.060250
0 0.287207 0.501903 0.037148 0.041806
0 0.207957 0.484514 0.030492 0.054861
0 0.394180 0.690236 0.063828 0.096028
0 0.267316 0.540257 0.040164 0.067181
