0 0.682719 0.721694 0.086203 0.128083
0 0.663152 0.476292 0.043758 0.030861
0 0.840418 0.959729 0.047195 0.068264
0 0.936516 0.692208 0.085641 0.076556
0 0.979398 0.580125 0.041125 0.071694
0 0.447281 0.573403 0.053781 0.065833
0 0.610254 0.474090 0.050336 0.051625
0 0.596523 0.529813 0.038641 0.048931
0 0.397578 0.657521 0.069687 0.137236
0 0.929129 0.608486 0.083602 0.075306
0 0.676910 0.580743 0.062211 0.066819
0 0.522504 0.693181 0.066523 0.116250
0 0.811191 0.676153 0.085023 0.082917
0 0.261785 0.451389 0.039555 0.038611
0 0.284238 0.778403 0.075508 0.167639
0 0.284687 0.631806 0.050000 0.081389
0 0.275180 0.591875 0.039797 0.060694
0 0.330438 0.546639 0.041656 0.061417
0 0.341695 0.492361 0.042078 0.055000
0 0.544332 0.583819 0.068680 0.096806
0 0.499563 0.482708 0.049469 0.051806
0 0.237898 0.524340 0.038500 0.054764
0 0.446707 0.466389 0.037477 0.036944
0 0.390859 0.441111 0.036406 0.036944
0 0.380156 0.425097 0.032500 0.027306
0 0.472762 0.426000 0.047914 0.046806
0 0.537852 0.431653 0.040078 0.042194
0 0.240406 0.466458 0.037062 0.041528
0 0.314152 0.417500 0.031070 0.028056
0 0.263801 0.413028 0.026195 0.028056
0 0.233887 0.401778 0.031070 0.028056
