0 0.762918 0.409319 0.037430 0.050444
0 0.965617 0.707667 0.064375 0.065278
0 0.271941 0.832722 0.080508 0.161889
0 0.307105 0.470278 0.038445 0.033056
0 0.275813 0.707993 0.062688 0.101264
0 0.275520 0.489097 0.038023 0.035972
0 0.238270 0.534931 0.037992 0.050694
0 0.478273 0.612708 0.061578 0.091528
0 0.377230 0.618181 0.056320 0.103361
0 0.583617 0.464097 0.055359 0.044306
0 0.427781 0.436667 0.039437 0.038056
0 0.398953 0.448889 0.039437 0.034167
0 0.318117 0.405847 0.028609 0.023917
0 0.264656 0.407097 0.024750 0.025556
0 0.239469 0.408764 0.021875 0.025556
0 0.193703 0.398181 0.013906 0.016111
0 0.555055 0.465736 0.055359 0.059528
0 0.322617 0.425771 0.038516 0.029236
0 0.686523 0.742688 0.090188 0.116347
0 0.462691 0.949444 0.114289 0.095083
0 0.497332 0.481389 0.042758 0.038750
0 0.635223 0.557438 0.058961 0.051931
0 0.772852 0.652861 0.078312 0.090583
0 0.814422 0.519597 0.059906 0.057917
0 0.768801 0.568944 0.067367 0.067306
0 0.608117 0.889674 0.110719 0.182292
