0 0.700340 0.598917 0.066695 0.071306
0 0.715336 0.513646 0.055375 0.059792
0 0.456187 0.604014 0.051344 0.077194
0 0.774734 0.870417 0.118641 0.148306
0 0.576258 0.483083 0.050875 0.052889
0 0.266211 0.587604 0.045391 0.075486
0 0.236523 0.523090 0.037422 0.059931
0 0.264723 0.484535 0.037273 0.042597
0 0.229473 0.454097 0.039023 0.042083
0 0.366016 0.424792 0.040141 0.047306
0 0.246949 0.907264 0.098727 0.153556
0 0.596402 0.463417 0.034852 0.037889
0 0.445160 0.462292 0.037648 0.034861
0 0.483336 0.435417 0.043953 0.042500
0 0.454590 0.447778 0.037648 0.034861
0 0.521508 0.659993 0.071312 0.122792
0 0.312148 0.406639 0.029781 0.027778
0 0.313867 0.423889 0.029781 0.027778
0 0.494629 0.547965 0.051992 0.066486
0 0.422762 0.545556 0.057398 0.077778
0 0.877773 0.645674 0.082687 0.071264
0 0.409402 0.675194 0.059086 0.113833
0 0.284801 0.690958 0.060633 0.132806
0 0.340656 0.542938 0.051359 0.061986
0 0.850840 0.694007 0.089523 0.083181
