0 0.384531 0.484243 0.043906 0.044903
0 0.825617 0.553174 0.072453 0.071042
0 0.765852 0.602361 0.068687 0.075500
0 0.559059 0.775174 0.082117 0.124764
0 0.835090 0.689382 0.090305 0.084542
0 0.555629 0.460847 0.035242 0.038972
0 0.282715 0.652715 0.056102 0.099875
0 0.323359 0.515882 0.047531 0.090819
0 0.502848 0.649896 0.069930 0.107847
0 0.245195 0.468882 0.037844 0.045958
0 0.396699 0.429840 0.020930 0.020986
0 0.204922 0.393028 0.034125 0.026889
0 0.302672 0.400646 0.029156 0.026208
0 0.273109 0.408861 0.032234 0.031111
0 0.323684 0.421215 0.030367 0.032653
0 0.347090 0.437875 0.029570 0.020194
0 0.971762 0.722292 0.056477 0.103194
0 0.621617 0.455264 0.049953 0.038472
0 0.632543 0.479826 0.047477 0.044375
0 0.614703 0.505674 0.051391 0.054819
0 0.262754 0.548486 0.042961 0.064417
0 0.485617 0.461799 0.033297 0.033347
0 0.460387 0.473208 0.036727 0.043306
