0 0.627555 0.868542 0.117859 0.165972
0 0.341906 0.432736 0.034375 0.030417
0 0.374105 0.510903 0.045070 0.053194
0 0.709703 0.551840 0.060687 0.062014
0 0.821996 0.559021 0.068773 0.055764
0 0.424316 0.566549 0.052336 0.080403
0 0.301055 0.650069 0.051656 0.093056
0 0.332496 0.536979 0.043039 0.062375
0 0.778430 0.655236 0.084578 0.071583
0 0.567648 0.498556 0.055547 0.091250
0 0.800590 0.506889 0.063258 0.047667
0 0.682031 0.497563 0.052500 0.052875
0 0.565293 0.478840 0.051898 0.052153
0 0.955594 0.604542 0.060469 0.071000
0 0.320937 0.481042 0.041094 0.037083
0 0.275625 0.491917 0.039062 0.046889
0 0.258230 0.552500 0.040570 0.071944
0 0.362137 0.413729 0.025367 0.025514
0 0.388516 0.432083 0.031875 0.034444
